1 0.3671875 0 0.5296875 0 0.5296875 0.1125 0.3671875 0.1125
1 0.2453125 0.0703125 0.45625 0.0703125 0.45625 0.371875 0.2453125 0.371875
1 0.721875 0.0046875 1 0.0046875 1 0.1671875 0.721875 0.1671875
1 0.4453125 0.1453125 0.7828125 0.1453125 0.7828125 0.571875 0.4453125 0.571875
1 0.7546875 0.1421875 1 0.1421875 1 0.4125 0.7546875 0.4125
1 0.084375 0.3609375 0.3 0.3609375 0.3 0.8203125 0.084375 0.8203125
1 0.2828125 0.371875 0.546875 0.371875 0.546875 0.8546875 0.2828125 0.8546875
1 0.5796875 0.559375 0.80625 0.559375 0.80625 0.84375 0.5796875 0.84375
1 0.8375 0.4140625 1 0.4140625 1 0.678125 0.8375 0.678125
1 0.353125 0.775 0.64375 0.775 0.64375 1 0.353125 1
1 0.0078125 0 0.234375 0 0.234375 0.38125 0.0078125 0.38125