1 0.00625 0.6921875 0.2453125 0.6921875 0.2453125 1 0.00625 1
1 0.25625 0.0234375 0.45625 0.0234375 0.45625 0.328125 0.25625 0.328125
1 0.45625 0.0265625 0.690625 0.0265625 0.690625 0.390625 0.45625 0.390625
1 0.6390625 0.1859375 0.9390625 0.1859375 0.9390625 0.4234375 0.6390625 0.4234375
1 0.103125 0.309375 0.3703125 0.309375 0.3703125 0.746875 0.103125 0.746875
1 0.3421875 0.4359375 0.5046875 0.4359375 0.5046875 0.725 0.3421875 0.725
1 0.5609375 0.465625 0.728125 0.465625 0.728125 0.6484375 0.5609375 0.6484375
1 0.7453125 0.4546875 0.9984375 0.4546875 0.9984375 0.74375 0.7453125 0.74375
1 0.2703125 0.7140625 0.4625 0.7140625 0.4625 1 0.2703125 1
1 0.45 0.759375 0.7984375 0.759375 0.7984375 1 0.45 1
1 0.7921875 0.696875 1 0.696875 1 1 0.7921875 1