1 0.0109375 0.0484375 0.240625 0.0484375 0.240625 0.30625 0.0109375 0.30625
1 0.18125 0.071875 0.446875 0.071875 0.446875 0.421875 0.18125 0.421875
1 0.3859375 0.1625 0.6453125 0.1625 0.6453125 0.50625 0.3859375 0.50625
1 0.1 0.3546875 0.34375 0.3546875 0.34375 0.71875 0.1 0.71875
1 0.33125 0.4859375 0.6203125 0.4859375 0.6203125 0.7859375 0.33125 0.7859375
1 0.6984375 0.0859375 1 0.0859375 1 0.509375 0.6984375 0.509375
1 0.609375 0.5625 0.865625 0.5625 0.865625 0.8109375 0.609375 0.8109375
1 0.2625 0.8046875 0.415625 0.8046875 0.415625 1 0.2625 1
1 0.021875 0.7109375 0.18125 0.7109375 0.18125 0.990625 0.021875 0.990625
1 0.1953125 0.7703125 0.259375 0.7703125 0.259375 0.903125 0.1953125 0.903125
1 0.440625 0.803125 0.675 0.803125 0.675 0.996875 0.440625 0.996875
1 0.690625 0.840625 0.90625 0.840625 0.90625 1 0.690625 1
1 0.4234375 0.0125 0.6359375 0.0125 0.6359375 0.146875 0.4234375 0.146875
1 0.2359375 0 0.421875 0 0.421875 0.0578125 0.2359375 0.0578125