1 0.453125 0.190625 0.6984375 0.190625 0.6984375 0.4921875 0.453125 0.4921875
1 0.6125 0.771875 0.8390625 0.771875 0.8390625 1 0.6125 1
1 0.353125 0.7515625 0.6125 0.7515625 0.6125 1 0.353125 1
1 0 0.73125 0.29375 0.73125 0.29375 1 0 1
1 0.0359375 0.4734375 0.1734375 0.4734375 0.1734375 0.734375 0.0359375 0.734375
1 0.1875 0.521875 0.5265625 0.521875 0.5265625 0.8296875 0.1875 0.8296875
1 0.096875 0.1984375 0.234375 0.1984375 0.234375 0.3921875 0.096875 0.3921875
1 0.2296875 0.184375 0.3046875 0.184375 0.3046875 0.3 0.2296875 0.3
1 0.3078125 0.1875 0.43125 0.1875 0.43125 0.359375 0.3078125 0.359375
1 0.1625 0.0046875 0.3328125 0.0046875 0.3328125 0.1859375 0.1625 0.1859375
1 0.0140625 0.15 0.1328125 0.15 0.1328125 0.465625 0.0140625 0.465625
1 0.3453125 0.0078125 0.6234375 0.0078125 0.6234375 0.1640625 0.3453125 0.1640625
1 0.6546875 0.153125 1 0.153125 1 0.4953125 0.6546875 0.4953125
1 0.49375 0.484375 0.7390625 0.484375 0.7390625 0.7703125 0.49375 0.7703125