1 0.3 0.0828125 0.415625 0.0828125 0.415625 0.33125 0.3 0.33125
1 0.125 0.6671875 0.375 0.6671875 0.375 1 0.125 1
1 0.2296875 0.3046875 0.496875 0.3046875 0.496875 0.7328125 0.2296875 0.7328125
1 0.4796875 0.3578125 0.65 0.3578125 0.65 0.6546875 0.4796875 0.6546875
1 0.559375 0.0046875 0.790625 0.0046875 0.790625 0.3828125 0.559375 0.3828125
1 0.771875 0.046875 1 0.046875 1 0.384375 0.771875 0.384375
1 0.6046875 0.38125 0.7171875 0.38125 0.7171875 0.4890625 0.6046875 0.4890625
1 0.7203125 0.3953125 0.865625 0.3953125 0.865625 0.6078125 0.7203125 0.6078125
1 0.88125 0.3921875 1 0.3921875 1 0.79375 0.88125 0.79375
1 0.39375 0.70625 0.5796875 0.70625 0.5796875 0.9890625 0.39375 0.9890625
1 0.6015625 0.7703125 0.9765625 0.7703125 0.9765625 1 0.6015625 1