1 0.2421875 0.5125 0.4421875 0.5125 0.4421875 0.8609375 0.2421875 0.8609375
1 0.440625 0.3078125 0.4515625 0.3078125 0.4515625 0.3125 0.440625 0.3125
1 0.0046875 0.296875 0.2421875 0.296875 0.2421875 0.6265625 0.0046875 0.6265625
1 0.471875 0.7171875 0.7609375 0.7171875 0.7609375 1 0.471875 1
1 0.7421875 0.409375 1 0.409375 1 0.909375 0.7421875 0.909375
1 0.171875 0.0734375 0.5078125 0.0734375 0.5078125 0.5140625 0.171875 0.5140625
1 0.559375 0.003125 0.990625 0.003125 0.990625 0.3609375 0.559375 0.3609375
1 0.315625 0 0.609375 0 0.609375 0.0859375 0.315625 0.0859375
1 0 0.00625 0.303125 0.00625 0.303125 0.28125 0 0.28125
1 0.440625 0.26875 0.75625 0.26875 0.75625 0.7640625 0.440625 0.7640625
1 0.18125 0.815625 0.459375 0.815625 0.459375 1 0.18125 1